PASS exact candidate minorant
slope=56964135041899/114047350000000 decimal=0.499477936505311171
intercept=81148131195031/11404735000000 decimal=7.11530177553717820
